No. Cuota| Fecha      | Saldo      | Capital  | Interes  | Gastos| Comision| Total
1       | 2017-07-04 | 100,000.00 | 7,874.00 | 2,000.00 | 0.00   | 0.00    | 9,874.00
2       | 2017-08-04 | 92,126.00 | 7,874.00 | 1,842.52 | 0.00   | 0.00    | 9,874.00
3       | 2017-09-04 | 84,252.00 | 8,031.48 | 1,685.04 | 0.00   | 0.00    | 9,874.00
4       | 2017-10-04 | 76,220.52 | 8,188.96 | 1,524.41 | 0.00   | 0.00    | 9,874.00
5       | 2017-11-04 | 68,031.56 | 8,349.59 | 1,360.63 | 0.00   | 0.00    | 9,874.00
6       | 2017-12-04 | 59,681.97 | 8,513.37 | 1,193.64 | 0.00   | 0.00    | 9,874.00
7       | 2018-01-04 | 51,168.60 | 8,680.36 | 1,023.37 | 0.00   | 0.00    | 9,874.00
8       | 2018-02-04 | 42,488.24 | 8,850.63 | 849.76 | 0.00   | 0.00    | 9,874.00
9       | 2018-03-04 | 33,637.61 | 9,024.24 | 672.75 | 0.00   | 0.00    | 9,874.00
10       | 2018-04-04 | 24,613.38 | 9,201.25 | 492.27 | 0.00   | 0.00    | 9,874.00
11       | 2018-05-04 | 15,412.13 | 9,381.73 | 308.24 | 0.00   | 0.00    | 9,874.00
